SM:2026-05-02T01:21:41.1261621Z
LM:2026-05-02T02:16:47.8495172Z
CT:image/jpeg
MA:2592000
CL:8300
