SM:2026-05-02T01:21:41.1301716Z
LM:2026-05-02T01:21:42.8709316Z
CT:image/jpeg
MA:2592000
CL:18260
