SM:2026-05-02T01:21:41.1261621Z
LM:2026-05-02T01:21:42.8761584Z
CT:image/jpeg
MA:2592000
CL:36866
