SM:2026-05-02T01:21:41.1241565Z
LM:2026-05-02T02:16:47.8486915Z
CT:image/jpeg
MA:2592000
CL:6436
