SM:2026-05-02T01:21:41.1281669Z
LM:2026-05-02T02:16:48.1946575Z
CT:image/jpeg
MA:2592000
CL:19583
