SM:2026-05-02T01:21:41.1281669Z
LM:2026-05-02T01:21:42.8787423Z
CT:image/jpeg
MA:2592000
CL:19583
