SM:2026-05-02T01:21:41.1207015Z
LM:2026-05-02T01:21:42.8666775Z
CT:image/jpeg
MA:2592000
CL:12153
