SM:2026-05-02T01:21:41.1261621Z
LM:2026-05-02T02:16:47.8493865Z
CT:image/jpeg
MA:2592000
CL:5729
