SM:2026-05-02T01:21:41.1152811Z
LM:2026-05-02T02:16:46.4119928Z
CT:image/jpeg
MA:2592000
CL:26525
