SM:2026-05-02T01:21:41.1152811Z
LM:2026-05-02T01:21:42.8666783Z
CT:image/jpeg
MA:2592000
CL:14965
